50 2
1 0 9 0 
2 0 4 0 
3 0 3 0 
4 0 6 0 
5 1 4 1 1 
6 2 3 1 5 
7 0 3 0 
8 3 8 1 6 
9 0 9 0 
10 4 2 3 2 6 8 
11 1 1 1 9 
12 0 10 0 
13 3 10 1 6 
14 0 3 0 
15 0 1 0 
16 0 9 0 
17 5 4 2 8 10 
18 3 2 1 6 
19 4 6 1 13 
20 5 8 5 10 12 14 16 19 
21 1 1 2 7 15 
22 4 10 1 13 
23 2 2 2 1 11 
24 1 6 1 7 
25 1 3 1 14 
26 2 2 2 5 12 
27 4 8 2 12 13 
28 4 4 4 6 8 13 14 
29 1 5 1 7 
30 3 4 4 6 11 15 26 
31 5 6 1 27 
32 1 9 1 14 
33 3 6 1 23 
34 5 1 3 4 16 22 
35 0 9 0 
36 6 7 2 20 24 
37 5 1 2 10 18 
38 7 1 3 21 30 36 
39 6 7 5 7 27 28 32 37 
40 1 5 4 2 4 7 14 
41 6 2 5 6 15 26 35 37 
42 3 5 2 1 6 
43 5 9 4 10 15 22 30 
44 0 6 0 
45 6 6 3 24 27 37 
46 7 5 6 2 7 15 23 25 41 
47 6 6 5 15 16 20 33 44 
48 7 2 5 23 28 29 40 41 
49 8 9 4 30 39 46 47 
50 8 10 3 20 32 46 
